VendorID	tpep_pickup_datetime	tpep_dropoff_datetime	passenger_count	trip_distance	pickup_longitude	pickup_latitude	RatecodeID	store_and_fwd_flag	dropoff_longitude	dropoff_latitude	payment_type	fare_amount	extra	mta_tax	tip_amount	tolls_amount	improvement_surcharge	total_amount
2	2016-01-01 00:00:00	2016-01-01 00:00:00	2	1.1	-73.99037170410156	40.73469543457031	1	N	-73.98184204101562	40.73240661621094	2	7.5	0.5	0.5	0.0	0.0	0.3	8.8
2	2016-01-01 00:00:00	2016-01-01 00:00:00	5	4.9	-73.98078155517578	40.72991180419922	1	N	-73.94447326660156	40.71667861938477	1	18.0	0.5	0.5	0.0	0.0	0.3	19.3
2	2016-01-01 00:00:00	2016-01-01 00:00:00	1	10.54	-73.98455047607422	40.6795654296875	1	N	-73.95027160644531	40.78892517089844	1	33.0	0.5	0.5	0.0	0.0	0.3	34.3
2	2016-01-01 00:00:00	2016-01-01 00:00:00	1	4.75	-73.99346923828125	40.71899032592773	1	N	-73.96224212646483	40.65733337402344	2	16.5	0.0	0.5	0.0	0.0	0.3	17.3
2	2016-01-01 00:00:00	2016-01-01 00:00:00	3	1.76	-73.96062469482422	40.78133010864258	1	N	-73.97726440429686	40.75851440429688	2	8.0	0.0	0.5	0.0	0.0	0.3	8.8
2	2016-01-01 00:00:00	2016-01-01 00:18:30	2	5.52	-73.98011779785155	40.74304962158203	1	N	-73.91349029541014	40.76314163208008	2	19.0	0.5	0.5	0.0	0.0	0.3	20.3
2	2016-01-01 00:00:00	2016-01-01 00:26:45	2	7.45	-73.99405670166014	40.71998977661133	1	N	-73.96636199951173	40.78987121582031	2	26.0	0.5	0.5	0.0	0.0	0.3	27.3
1	2016-01-01 00:00:01	2016-01-01 00:11:55	1	1.2	-73.97942352294923	40.74461364746094	1	N	-73.99203491210938	40.753944396972656	2	9.0	0.5	0.5	0.0	0.0	0.3	10.3
1	2016-01-01 00:00:02	2016-01-01 00:11:14	1	6.0	-73.94715118408203	40.79104614257813	1	N	-73.92076873779298	40.865577697753906	2	18.0	0.5	0.5	0.0	0.0	0.3	19.3
2	2016-01-01 00:00:02	2016-01-01 00:11:08	1	3.21	-73.99834442138672	40.72389602661133	1	N	-73.995849609375	40.68840026855469	2	11.5	0.5	0.5	0.0	0.0	0.3	12.8
2	2016-01-01 00:00:03	2016-01-01 00:06:19	1	0.79	-74.00614929199219	40.74491882324219	1	N	-73.9937973022461	40.74143981933594	2	6.0	0.5	0.5	0.0	0.0	0.3	7.3
2	2016-01-01 00:00:03	2016-01-01 00:15:49	6	2.43	-73.96932983398438	40.763538360595696	1	N	-73.99568939208984	40.7442512512207	1	12.0	0.5	0.5	3.99	0.0	0.3	17.29
2	2016-01-01 00:00:03	2016-01-01 00:00:11	4	0.01	-73.98902130126955	40.72153854370117	1	N	-73.98896026611328	40.72169876098633	2	2.5	0.5	0.5	0.0	0.0	0.3	3.8
1	2016-01-01 00:00:04	2016-01-01 00:14:32	1	3.7	-74.00430297851562	40.74224090576172	1	N	-74.00736236572266	40.70693588256836	1	14.0	0.5	0.5	3.05	0.0	0.3	18.35
1	2016-01-01 00:00:05	2016-01-01 00:14:27	2	2.2	-73.99199676513672	40.71857833862305	1	N	-74.00513458251955	40.73994445800781	1	11.0	0.5	0.5	1.5	0.0	0.3	13.8
2	2016-01-01 00:00:05	2016-01-01 00:07:17	1	0.54	-73.98516082763672	40.768951416015625	1	N	-73.99022674560547	40.7617301940918	2	6.0	0.5	0.5	0.0	0.0	0.3	7.3
2	2016-01-01 00:00:05	2016-01-01 00:07:14	1	1.92	-73.9730911254883	40.79536056518555	1	N	-73.9783706665039	40.77315139770508	2	7.5	0.5	0.5	0.0	0.0	0.3	8.8
1	2016-01-01 00:00:06	2016-01-01 00:04:44	1	1.7	-73.9821014404297	40.774696350097656	1	Y	-73.97093963623048	40.79670715332031	1	7.0	0.5	0.5	1.65	0.0	0.3	9.95
2	2016-01-01 00:00:06	2016-01-01 00:07:14	1	1.38	-73.99484252929686	40.71849822998047	1	N	-73.98980712890625	40.734230041503906	1	7.0	0.5	0.5	1.66	0.0	0.3	9.96
1	2016-01-01 00:00:07	2016-01-01 00:20:35	2	4.9	-73.95303344726562	40.67211532592773	1	N	-73.986572265625	40.710594177246094	1	19.0	0.5	0.5	4.06	0.0	0.3	24.36
1	2016-01-01 00:00:07	2016-01-01 00:09:49	1	1.8	-73.98916625976562	40.72658920288085	1	N	-74.00948333740234	40.71507263183594	2	9.0	0.5	0.5	0.0	0.0	0.3	10.3
2	2016-01-01 00:00:08	2016-01-01 00:18:51	1	3.09	-73.9990692138672	40.72017288208008	1	N	-73.973388671875	40.75656127929688	2	14.5	0.5	0.5	0.0	0.0	0.3	15.8
2	2016-01-01 00:00:08	2016-01-01 00:04:37	1	0.72	-73.99713897705078	40.74721908569336	1	N	-74.00448608398438	40.7517967224121	2	5.0	0.5	0.5	0.0	0.0	0.3	6.3
2	2016-01-01 00:00:08	2016-01-01 00:03:24	1	0.69	-73.9974136352539	40.73667526245117	1	N	-73.98566436767578	40.73268127441406	2	4.5	0.5	0.5	0.0	0.0	0.3	5.8
1	2016-01-01 00:00:09	2016-01-01 00:19:03	3	5.3	-73.99713134765625	40.736961364746094	1	N	-73.92842102050781	40.75558090209961	1	18.0	0.5	0.5	3.85	0.0	0.3	23.15
1	2016-01-01 00:00:09	2016-01-01 00:07:18	2	1.2	-73.9639129638672	40.71217346191406	1	N	-73.95133209228516	40.71220016479492	2	7.0	0.5	0.5	0.0	0.0	0.3	8.3
2	2016-01-01 00:00:10	2016-01-01 00:06:15	2	0.97	-73.99939727783203	40.743900299072266	1	N	-73.98887634277344	40.74531936645508	2	6.0	0.5	0.5	0.0	0.0	0.3	7.3
2	2016-01-01 00:00:10	2016-01-01 00:02:20	1	0.87	-73.95440673828125	40.77806854248047	1	N	-73.94892883300781	40.78858184814453	2	4.5	0.5	0.5	0.0	0.0	0.3	5.8
2	2016-01-01 00:00:12	2016-01-01 00:01:17	1	0.13	-73.99165344238281	40.754558563232415	1	N	-73.9906005859375	40.75611877441406	2	3.0	0.5	0.5	0.0	0.0	0.3	4.3
1	2016-01-01 00:00:14	2016-01-01 00:13:02	1	2.4	-73.99559783935547	40.744239807128906	1	N	-73.98545837402342	40.76871109008789	1	11.0	0.5	0.5	3.05	0.0	0.3	15.35
2	2016-01-01 00:00:14	2016-01-01 00:02:38	2	0.44	-73.99027252197266	40.772010803222656	1	N	-73.99504089355469	40.76977157592773	1	4.0	0.5	0.5	1.06	0.0	0.3	6.36
2	2016-01-01 00:00:15	2016-01-01 00:06:31	1	1.56	-73.94010925292969	40.75115203857422	1	N	-73.93002319335938	40.767051696777344	2	7.5	0.5	0.5	0.0	0.0	0.3	8.8
1	2016-01-01 00:00:16	2016-01-01 00:33:00	2	2.9	-73.98215484619139	40.774879455566406	1	N	-73.98136138916014	40.74411392211913	2	20.5	0.5	0.5	0.0	0.0	0.3	21.8
1	2016-01-01 00:00:17	2016-01-01 00:19:14	1	1.2	-74.00806427001955	40.74206924438477	1	N	-74.00228881835938	40.742164611816406	3	12.5	0.5	0.5	0.0	0.0	0.3	13.8
1	2016-01-01 00:00:17	2016-01-01 00:13:59	1	1.5	-74.00267791748048	40.73063659667969	1	N	-73.98042297363281	40.72621154785156	1	10.0	0.5	0.5	3.35	0.0	0.3	14.65
2	2016-01-01 00:00:17	2016-01-01 00:42:23	1	2.32	-73.98165893554686	40.773738861083984	1	N	-73.99596405029298	40.75383758544922	2	19.0	0.5	0.5	0.0	0.0	0.3	20.3
2	2016-01-01 00:00:17	2016-01-01 00:14:26	5	9.63	-73.98174285888672	40.71915817260742	1	N	-73.93882751464845	40.82918167114258	1	27.0	0.5	0.5	8.49	0.0	0.3	36.79
2	2016-01-01 00:00:18	2016-01-01 00:05:44	5	1.17	-73.96305847167969	40.77501678466797	1	N	-73.95174407958984	40.77880096435547	2	6.0	0.5	0.5	0.0	0.0	0.3	7.3
1	2016-01-01 00:00:19	2016-01-01 00:19:33	1	3.4	0.0	0.0	1	N	0.0	0.0	2	14.5	0.5	0.5	0.0	0.0	0.3	15.8
2	2016-01-01 00:00:19	2016-01-01 00:06:31	3	1.32	-73.9612579345703	40.796199798583984	1	N	-73.9500503540039	40.78731155395508	2	6.5	0.5	0.5	0.0	0.0	0.3	7.8
1	2016-01-01 00:00:20	2016-01-01 00:29:05	1	13.0	-73.98223876953125	40.7577018737793	1	N	-73.90930938720702	40.8620491027832	2	36.5	0.5	0.5	0.0	0.0	0.3	37.8
1	2016-01-01 00:00:21	2016-01-01 00:17:30	1	0.7	-73.89412689208984	40.636573791503906	1	Y	-73.89250183105469	40.63483428955078	2	11.0	0.5	0.5	0.0	0.0	0.3	12.3
1	2016-01-01 00:00:21	2016-01-01 00:32:09	1	5.4	-73.94641876220702	40.78913879394531	1	N	-73.91590118408203	40.85154724121094	2	24.5	0.5	0.5	0.0	0.0	0.3	25.8
2	2016-01-01 00:00:22	2016-01-01 00:12:12	1	3.3	-73.97567749023438	40.74909973144531	1	N	-73.97364807128906	40.78369140625	1	12.0	0.5	0.5	2.66	0.0	0.3	15.96
2	2016-01-01 00:00:22	2016-01-01 00:13:37	6	2.94	-73.94969177246094	40.78461837768555	1	N	-73.97103118896483	40.75101852416992	2	12.0	0.5	0.5	0.0	0.0	0.3	13.3
2	2016-01-01 00:00:22	2016-01-01 00:13:58	2	5.23	-73.98184967041014	40.716880798339844	1	N	-73.96932983398438	40.769378662109375	2	17.5	0.5	0.5	0.0	0.0	0.3	18.8
1	2016-01-01 00:00:26	2016-01-01 00:07:41	1	1.3	-73.96588134765625	40.68856430053711	1	N	-73.96269226074219	40.67192840576172	1	7.5	0.5	0.5	1.75	0.0	0.3	10.55
1	2016-01-01 00:00:27	2016-01-01 00:17:41	1	4.7	-73.99586486816406	40.76777267456055	1	N	-74.00960540771484	40.70992660522461	1	17.0	0.5	0.5	2.0	0.0	0.3	20.3
2	2016-01-01 00:00:27	2016-01-01 00:08:40	1	0.83	-73.97876739501955	40.7451057434082	1	N	-73.99221038818358	40.74930953979492	2	7.0	0.5	0.5	0.0	0.0	0.3	8.3
1	2016-01-01 00:00:28	2016-01-01 00:22:51	1	15.4	-73.97650146484375	40.733562469482415	1	N	-73.85426330566406	40.891788482666016	1	41.5	0.5	0.5	8.55	0.0	0.3	51.35
2	2016-01-01 00:00:29	2016-01-01 00:08:45	3	1.64	-73.96937561035155	40.78523635864258	1	N	-73.94556427001955	40.77798080444336	1	8.5	0.5	0.5	0.0	0.0	0.3	9.8
1	2016-01-01 00:00:30	2016-01-01 00:15:47	1	5.1	-73.99058532714845	40.74588012695313	1	N	-73.96988677978516	40.801265716552734	1	17.5	0.5	0.5	2.82	0.0	0.3	21.62
2	2016-01-01 00:00:30	2016-01-01 00:18:25	1	1.1	-73.97434234619139	40.756660461425774	1	N	-73.98148345947266	40.75371551513672	2	11.5	0.5	0.5	0.0	0.0	0.3	12.8
2	2016-01-01 00:00:30	2016-01-01 00:03:06	1	0.35	-73.99234771728516	40.74343872070313	1	N	-73.99642181396483	40.74606323242188	1	4.0	0.5	0.5	1.59	0.0	0.3	6.89
1	2016-01-01 00:00:31	2016-01-01 00:03:57	1	1.3	-73.93352508544923	40.80292892456055	1	N	-73.94567108154298	40.78598403930664	2	5.5	0.5	0.5	0.0	0.0	0.3	6.8
2	2016-01-01 00:00:32	2016-01-01 00:27:02	5	7.25	-73.97295379638672	40.75571823120117	1	N	-73.97881317138672	40.68455123901367	2	26.0	0.5	0.5	0.0	0.0	0.3	27.3
2	2016-01-01 00:00:32	2016-01-01 00:13:20	5	3.6	-73.9969482421875	40.72050094604492	1	N	-73.95818328857422	40.7217903137207	1	13.5	0.5	0.5	2.96	0.0	0.3	17.76
2	2016-01-01 00:00:32	2016-01-01 00:09:37	6	0.32	-73.99375915527344	40.75162124633789	1	N	-73.9908676147461	40.75608825683594	1	7.0	0.5	0.5	0.0	0.0	0.3	8.3
1	2016-01-01 00:00:34	2016-01-01 00:10:36	1	3.7	-73.97831726074219	40.763179779052734	1	N	-73.92160797119139	40.741374969482415	1	13.0	0.5	0.5	5.7	0.0	0.3	20.0
2	2016-01-01 00:00:36	2016-01-01 00:10:02	1	1.61	-73.96375274658203	40.771160125732415	1	N	-73.97560119628906	40.75273895263672	2	8.5	0.5	0.5	0.0	0.0	0.3	9.8
1	2016-01-01 00:00:37	2016-01-01 00:06:01	1	1.2	-73.9760208129883	40.74456024169922	1	N	-73.96649169921875	40.753662109375	1	6.5	0.5	0.5	2.3	0.0	0.3	10.1
1	2016-01-01 00:00:38	2016-01-01 00:17:25	1	8.8	-73.97679138183594	40.733699798583984	1	N	-73.89214324951173	40.75072479248047	1	26.0	0.5	0.5	5.45	0.0	0.3	32.75
2	2016-01-01 00:00:38	2016-01-01 00:34:04	1	14.04	-73.98428344726562	40.7480583190918	1	N	-73.9920883178711	40.60917663574219	2	42.0	0.5	0.5	0.0	0.0	0.3	43.3
1	2016-01-01 00:00:39	2016-01-01 00:08:41	1	2.2	-73.9698715209961	40.76850891113281	1	N	-73.94934844970702	40.78776550292969	2	9.0	0.5	0.5	0.0	0.0	0.3	10.3
1	2016-01-01 00:00:40	2016-01-01 00:14:03	1	4.3	-73.96617889404298	40.762222290039055	1	N	-73.89775848388672	40.743141174316406	2	15.5	0.5	0.5	0.0	0.0	0.3	16.8
1	2016-01-01 00:00:40	2016-01-01 00:11:05	2	1.3	-74.00437927246094	40.74225234985352	1	N	-73.98422241210938	40.738197326660156	1	8.5	0.5	0.5	1.0	0.0	0.3	10.8
2	2016-01-01 00:00:40	2016-01-01 00:07:33	1	1.03	-73.9913330078125	40.72389221191406	1	N	-73.98368835449219	40.72151565551758	2	6.5	0.5	0.5	0.0	0.0	0.3	7.8
2	2016-01-01 00:00:41	2016-01-01 00:00:46	5	0.0	0.0	0.0	3	N	0.0	0.0	2	20.0	0.5	0.0	0.0	0.0	0.3	20.8
2	2016-01-01 00:00:44	2016-01-01 00:05:15	1	1.1	-73.97415924072266	40.79573059082031	1	N	-73.96251678466798	40.804931640625	1	6.0	0.5	0.5	1.0	0.0	0.3	8.3
2	2016-01-01 00:00:45	2016-01-01 00:09:17	6	1.85	-73.99420166015625	40.726470947265625	1	N	-74.0147476196289	40.71620178222656	2	8.5	0.5	0.5	0.0	0.0	0.3	9.8
2	2016-01-01 00:00:47	2016-01-01 00:12:38	1	1.43	-73.98963928222656	40.7343978881836	1	N	-73.97879028320312	40.72411346435547	2	7.5	0.5	0.5	0.0	0.0	0.3	8.8
2	2016-01-01 00:00:47	2016-01-01 00:18:25	1	4.93	-74.00148010253906	40.727439880371094	1	N	-73.95645141601562	40.768150329589844	1	17.5	0.5	0.5	3.76	0.0	0.3	22.56
1	2016-01-01 00:00:48	2016-01-01 00:03:38	1	0.8	-73.97915649414062	40.74050903320313	1	N	-73.988525390625	40.73464584350585	1	4.5	0.5	0.5	1.45	0.0	0.3	7.25
1	2016-01-01 00:00:49	2016-01-01 00:13:15	2	8.7	-73.95392608642578	40.766944885253906	1	N	-73.9244613647461	40.86139297485352	1	25.0	0.5	0.5	0.0	0.0	0.3	26.3
2	2016-01-01 00:00:49	2016-01-01 00:09:01	1	1.22	-73.98213958740234	40.77168655395508	1	N	-73.97445678710938	40.76248550415039	2	7.5	0.5	0.5	0.0	0.0	0.3	8.8
2	2016-01-01 00:00:50	2016-01-01 00:19:47	2	11.87	-73.78082275390625	40.645183563232415	1	N	-73.8908462524414	40.7430076599121	1	33.0	0.5	0.5	8.58	0.0	0.3	42.88
2	2016-01-01 00:00:50	2016-01-01 00:06:29	6	0.72	-73.99739837646483	40.72074890136719	1	N	-73.99918365478516	40.7279052734375	1	5.5	0.5	0.5	1.36	0.0	0.3	8.16
1	2016-01-01 00:00:52	2016-01-01 00:29:50	2	3.1	-73.98404693603516	40.755279541015625	1	N	-73.99514770507811	40.72063446044922	1	19.5	0.5	0.5	4.15	0.0	0.3	24.95
1	2016-01-01 00:00:52	2016-01-01 00:08:00	3	1.8	-73.98387145996094	40.742408752441406	1	N	-74.00236511230467	40.72634887695313	2	8.0	0.5	0.5	0.0	0.0	0.3	9.3
2	2016-01-01 00:00:52	2016-01-01 00:11:18	1	2.5	-73.9957504272461	40.74409103393555	1	N	-74.00975036621094	40.71276092529297	2	10.5	0.5	0.5	0.0	0.0	0.3	11.8
1	2016-01-01 00:00:53	2016-01-01 00:22:27	1	4.9	-73.98508453369139	40.74716567993164	1	N	-73.95803833007811	40.71749114990234	1	19.0	0.5	0.5	1.7	0.0	0.3	22.0
2	2016-01-01 00:00:54	2016-01-01 00:08:43	1	1.53	-73.97100067138672	40.79764175415039	1	N	-73.95369720458984	40.78512954711913	1	8.0	0.5	0.5	1.86	0.0	0.3	11.16
1	2016-01-01 00:00:55	2016-01-01 00:17:14	1	1.1	-73.9841537475586	40.76485824584961	1	N	-73.97802734375	40.76293563842773	2	11.0	0.5	0.5	0.0	0.0	0.3	12.3
2	2016-01-01 00:00:55	2016-01-01 00:28:34	4	15.64	-73.78713989257811	40.64405059814453	1	N	-73.94842529296875	40.730735778808594	2	44.0	0.5	0.5	0.0	0.0	0.3	45.3
1	2016-01-01 00:00:56	2016-01-01 00:17:24	1	5.7	-73.98772430419923	40.75056838989258	1	N	-74.03556823730467	40.71357345581055	1	18.0	0.5	0.5	8.0	10.5	0.3	37.8
2	2016-01-01 00:00:57	2016-01-01 00:10:48	6	2.56	-73.97965240478516	40.77611923217773	1	N	-73.96468353271484	40.80675506591797	1	10.5	0.5	0.5	2.36	0.0	0.3	14.16
2	2016-01-01 00:01:00	2016-01-01 00:18:06	3	15.25	-73.78180694580078	40.6448631286621	1	N	-73.93797302246094	40.72632598876953	1	40.5	0.5	0.5	0.0	0.0	0.3	41.8
2	2016-01-01 00:01:01	2016-01-01 00:07:49	5	1.65	-73.9652786254883	40.80104064941406	1	N	-73.94747924804686	40.81517028808594	2	7.5	0.5	0.5	0.0	0.0	0.3	8.8
2	2016-01-01 00:01:01	2016-01-01 00:13:08	6	7.85	-73.97962951660156	40.743255615234375	1	N	-73.91187286376955	40.76462936401367	1	22.5	0.5	0.5	5.87	5.54	0.3	35.21
2	2016-01-01 00:01:03	2016-01-01 00:20:29	2	1.28	-73.9844207763672	40.76723861694336	1	N	-73.97859954833984	40.754261016845696	2	11.5	0.5	0.5	0.0	0.0	0.3	12.8
2	2016-01-01 00:01:06	2016-01-01 00:26:34	1	3.18	-74.01099395751955	40.7088737487793	1	N	-73.98805236816406	40.74932098388672	2	17.0	0.5	0.5	0.0	0.0	0.3	18.3
2	2016-01-01 00:01:06	2016-01-01 00:04:38	1	0.56	-73.98074340820312	40.74691009521485	1	N	-73.9908676147461	40.75115966796875	2	4.5	0.5	0.5	0.0	0.0	0.3	5.8
2	2016-01-01 00:01:07	2016-01-01 00:05:04	2	0.94	-73.99197387695312	40.726478576660156	1	N	-74.00308227539062	40.72204971313477	2	5.0	0.5	0.5	0.0	0.0	0.3	6.3
1	2016-01-01 00:01:08	2016-01-01 00:19:36	1	3.2	-74.00213623046875	40.76063919067383	1	N	-73.97289276123048	40.74345016479492	1	14.5	0.5	0.5	3.15	0.0	0.3	18.95
1	2016-01-01 00:01:08	2016-01-01 00:17:13	1	2.7	-73.9949722290039	40.76023483276367	1	N	-74.00152587890625	40.735855102539055	1	13.0	0.5	0.5	4.25	0.0	0.3	18.55
1	2016-01-01 00:01:08	2016-01-01 00:23:22	1	5.0	-74.00226593017578	40.730369567871094	1	N	-73.95168304443358	40.77349853515625	1	19.5	0.5	0.5	4.5	0.0	0.3	25.3
1	2016-01-01 00:01:09	2016-01-01 00:06:37	2	1.6	-73.98082733154298	40.779640197753906	1	N	-73.97141265869139	40.798587799072266	1	6.5	0.5	0.5	1.55	0.0	0.3	9.35
2	2016-01-01 00:01:09	2016-01-01 00:05:23	1	0.58	-73.99807739257811	40.73796844482422	1	N	-74.0041275024414	40.74279022216797	1	5.0	0.5	0.5	1.26	0.0	0.3	7.56
1	2016-01-01 00:01:10	2016-01-01 00:36:55	2	6.0	-73.99944305419923	40.729835510253906	1	N	-73.96417999267578	40.80315399169922	1	25.5	0.5	0.5	5.36	0.0	0.3	32.16
2	2016-01-01 00:01:10	2016-01-01 00:08:00	5	2.51	-73.93270874023438	40.75286102294922	1	N	-73.96361541748048	40.75764083862305	2	9.5	0.5	0.5	0.0	0.0	0.3	10.8
2	2016-01-01 00:01:10	2016-01-01 00:24:39	4	1.24	-73.981689453125	40.76839065551758	1	N	-73.97975158691406	40.75553894042969	2	14.5	0.5	0.5	0.0	0.0	0.3	15.8
1	2016-01-01 00:01:11	2016-01-01 00:08:06	1	1.5	-74.00348663330078	40.74156951904297	1	N	-74.00235748291014	40.726341247558594	1	7.5	0.5	0.5	2.2	0.0	0.3	11.0
1	2016-01-01 00:01:11	2016-01-01 00:07:04	2	1.4	-73.97794342041014	40.78367614746094	1	N	-73.95558929443358	40.77344131469727	1	7.0	0.5	0.5	2.45	0.0	0.3	10.75
2	2016-01-01 00:01:11	2016-01-01 00:11:15	1	1.89	-73.99256896972656	40.73961639404297	1	N	-73.99531555175781	40.72181701660156	2	9.0	0.5	0.5	0.0	0.0	0.3	10.3
2	2016-01-01 00:01:12	2016-01-01 00:18:49	1	2.15	-73.9777603149414	40.75228118896485	1	N	-73.95682525634766	40.76807022094727	1	13.0	0.5	0.5	2.86	0.0	0.3	17.16
1	2016-01-01 00:01:13	2016-01-01 00:22:09	1	2.5	-73.99425506591797	40.73199462890625	1	N	-73.9786376953125	40.75138854980469	2	14.5	0.5	0.5	0.0	0.0	0.3	15.8
2	2016-01-01 00:01:13	2016-01-01 00:09:57	5	1.89	-73.98516082763672	40.744529724121094	1	N	-73.96546173095702	40.76285171508789	1	8.5	0.5	0.5	1.0	0.0	0.3	10.8
1	2016-01-01 00:01:14	2016-01-01 00:05:54	1	0.6	-73.98229217529298	40.751331329345696	1	N	-73.99134063720702	40.75033950805664	1	5.0	0.5	0.5	0.0	0.0	0.3	6.3
1	2016-01-01 00:01:14	2016-01-01 00:38:19	1	24.0	-73.99230194091797	40.749290466308594	5	N	-74.32032775878906	40.72052383422852	1	140.0	0.0	0.0	30.95	14.5	0.3	185.75
2	2016-01-01 00:01:14	2016-01-01 00:09:01	1	2.34	-73.93431854248048	40.75148391723633	1	N	-73.9725112915039	40.764915466308594	2	9.5	0.5	0.5	0.0	0.0	0.3	10.8
2	2016-01-01 00:01:14	2016-01-01 00:31:34	1	13.64	-73.78192138671875	40.64476013183594	1	N	-73.979248046875	40.661869049072266	2	39.0	0.5	0.5	0.0	0.0	0.3	40.3
2	2016-01-01 00:01:15	2016-01-01 00:34:37	5	3.44	-73.95953369140625	40.78274536132813	1	N	-73.99375915527344	40.745582580566406	2	21.5	0.5	0.5	0.0	0.0	0.3	22.8
2	2016-01-01 00:01:15	2016-01-01 00:13:15	1	7.04	-73.95264434814453	40.77649688720703	1	N	-74.0056381225586	40.70912170410156	1	20.5	0.5	0.5	5.45	0.0	0.3	27.25
1	2016-01-01 00:01:16	2016-01-01 00:03:52	1	0.2	-73.99561309814453	40.7646713256836	1	N	-73.99214935302734	40.7641487121582	2	3.5	0.5	0.5	0.0	0.0	0.3	4.8
1	2016-01-01 00:01:16	2016-01-01 00:13:16	1	0.9	-73.97743225097656	40.758316040039055	1	N	-73.9834442138672	40.76686096191406	2	8.5	0.5	0.5	0.0	0.0	0.3	9.8
1	2016-01-01 00:01:17	2016-01-01 00:11:08	1	2.0	-73.92774200439453	40.69787216186523	1	N	-73.96121215820312	40.69827651977539	1	9.5	0.5	0.5	2.7	0.0	0.3	13.5
1	2016-01-01 00:01:19	2016-01-01 00:03:00	1	0.3	-73.96659088134766	40.75758743286133	1	N	-73.96577453613281	40.75434875488281	1	3.5	0.5	0.5	1.2	0.0	0.3	6.0
1	2016-01-01 00:01:19	2016-01-01 00:15:00	1	1.8	-73.95474243164062	40.76550674438477	1	N	-73.98191833496094	40.76623153686523	1	10.5	0.5	0.5	0.0	0.0	0.3	11.8
2	2016-01-01 00:01:19	2016-01-01 00:03:12	2	0.37	-73.99769592285155	40.737659454345696	1	N	-73.99124145507811	40.73498153686523	2	3.5	0.5	0.5	0.0	0.0	0.3	4.8
1	2016-01-01 00:01:20	2016-01-01 00:07:24	2	1.0	-73.9675521850586	40.7568588256836	1	N	-73.97830963134766	40.74861145019531	1	6.0	0.5	0.5	1.45	0.0	0.3	8.75
1	2016-01-01 00:01:20	2016-01-01 00:14:39	1	5.1	-73.9646987915039	40.79679870605469	1	N	-74.00220489501955	40.74923706054688	2	17.0	0.5	0.5	0.0	0.0	0.3	18.3
1	2016-01-01 00:01:20	2016-01-01 00:13:36	1	1.8	-73.97010803222656	40.75979995727539	1	N	-73.9893569946289	40.742988586425774	1	9.5	0.5	0.5	2.0	0.0	0.3	12.8
2	2016-01-01 00:01:21	2016-01-01 00:12:57	1	2.25	-74.00189971923827	40.73940658569336	1	N	-73.97486877441406	40.744388580322266	1	10.5	0.5	0.5	2.36	0.0	0.3	14.16
2	2016-01-01 00:01:21	2016-01-01 00:06:40	1	0.87	-73.9552230834961	40.80437850952149	1	N	-73.9636993408203	40.79800033569336	2	5.5	0.5	0.5	0.0	0.0	0.3	6.8
2	2016-01-01 00:01:21	2016-01-01 00:27:41	6	8.78	-73.99662780761719	40.72460174560547	1	N	-73.86997985839844	40.75529098510742	2	27.0	0.5	0.5	0.0	0.0	0.3	28.3
1	2016-01-01 00:01:22	2016-01-01 00:10:04	1	1.6	-74.00466918945312	40.71595764160156	1	N	-73.98986053466798	40.73404312133789	2	8.0	0.5	0.5	0.0	0.0	0.3	9.3
2	2016-01-01 00:01:22	2016-01-01 00:09:25	1	1.67	-73.94828033447266	40.782630920410156	1	N	-73.93846130371094	40.79228973388672	1	8.0	0.5	0.5	1.86	0.0	0.3	11.16
2	2016-01-01 00:01:23	2016-01-01 00:09:22	1	1.11	-73.99861145019531	40.7381706237793	1	N	-73.99459075927734	40.75054931640625	1	7.0	0.5	0.5	1.66	0.0	0.3	9.96
1	2016-01-01 00:01:24	2016-01-01 00:23:19	2	6.5	-73.9722671508789	40.759864807128906	1	N	-73.87660217285155	40.74866485595703	2	22.5	0.5	0.5	0.0	0.0	0.3	23.8
1	2016-01-01 00:01:24	2016-01-01 00:09:52	1	1.9	-73.95974731445312	40.8012924194336	1	N	-73.95064544677734	40.82293319702149	2	9.0	0.5	0.5	0.0	0.0	0.3	10.3
2	2016-01-01 00:01:24	2016-01-01 00:21:59	1	2.94	-73.97940063476562	40.7397689819336	1	N	-73.99954986572266	40.7425193786621	1	15.0	0.5	0.5	0.0	0.0	0.3	16.3
2	2016-01-01 00:01:24	2016-01-01 00:05:58	3	1.89	-73.97293090820312	40.752601623535156	1	N	-73.95585632324219	40.77605056762695	1	7.5	0.5	0.5	1.0	0.0	0.3	9.8
1	2016-01-01 00:01:26	2016-01-01 00:10:01	2	0.8	-73.97964477539062	40.760196685791016	1	N	-73.974853515625	40.75374221801758	2	7.0	0.5	0.5	0.0	0.0	0.3	8.3
1	2016-01-01 00:01:26	2016-01-01 00:19:52	1	5.0	-73.99504089355469	40.76044845581055	1	N	-73.93881225585938	40.79938507080078	2	17.5	0.5	0.5	0.0	0.0	0.3	18.8
2	2016-01-01 00:01:26	2016-01-01 00:13:41	1	3.86	-73.97683715820312	40.764591217041016	1	N	-73.9541015625	40.80475997924805	1	13.0	0.5	0.5	2.86	0.0	0.3	17.16
2	2016-01-01 00:01:26	2016-01-01 00:12:40	1	2.7	-74.0009536743164	40.73083877563477	1	N	-74.0172348022461	40.70491790771485	2	11.0	0.5	0.5	0.0	0.0	0.3	12.3
1	2016-01-01 00:01:27	2016-01-01 00:35:02	1	3.1	-73.97439575195312	40.76387786865234	1	N	-73.999267578125	40.7281608581543	1	21.0	0.5	0.5	4.45	0.0	0.3	26.75
1	2016-01-01 00:01:27	2016-01-01 00:02:33	1	0.1	-73.9551773071289	40.77317428588867	1	N	-73.95623016357422	40.77203750610352	3	3.0	0.5	0.5	0.0	0.0	0.3	4.3
2	2016-01-01 00:01:27	2016-01-01 00:14:34	1	1.4	-73.9898681640625	40.7293701171875	1	N	-73.98392486572266	40.74564743041992	1	9.0	0.5	0.5	3.09	0.0	0.3	13.39
1	2016-01-01 00:01:29	2016-01-01 00:25:53	1	11.2	-73.96961212158203	40.757713317871094	1	N	-73.90223693847656	40.70281219482422	1	32.5	0.5	0.5	0.0	0.0	0.3	33.8
1	2016-01-01 00:01:29	2016-01-01 00:29:40	1	5.6	-74.0024185180664	40.73323440551758	1	N	-73.9245834350586	40.6919174194336	1	22.5	0.5	0.5	4.75	0.0	0.3	28.55
2	2016-01-01 00:01:29	2016-01-01 00:10:45	1	1.52	-73.97177124023438	40.75983810424805	1	N	-73.98751831054686	40.748722076416016	1	8.0	0.5	0.5	2.79	0.0	0.3	12.09
2	2016-01-01 00:01:29	2016-01-01 00:05:08	1	0.76	-73.94184875488281	40.82948303222656	1	N	-73.93864440917969	40.8398666381836	2	4.5	0.5	0.5	0.0	0.0	0.3	5.8
2	2016-01-01 00:01:29	2016-01-01 00:12:56	5	2.68	-74.0105209350586	40.71841049194336	1	N	-73.99134826660156	40.745208740234375	1	10.0	0.5	0.5	2.0	0.0	0.3	13.3
2	2016-01-01 00:01:32	2016-01-01 00:25:32	1	2.7	-74.00708770751955	40.71913146972656	1	N	-73.98757934570312	40.7498893737793	1	16.0	0.5	0.5	1.5	0.0	0.3	18.8
1	2016-01-01 00:01:33	2016-01-01 00:14:43	1	4.3	-73.99446868896483	40.71897888183594	1	N	-73.95662689208984	40.67439270019531	1	15.0	0.5	0.5	3.25	0.0	0.3	19.55
2	2016-01-01 00:01:33	2016-01-01 00:13:25	1	6.29	-73.98499298095702	40.77389144897461	1	N	-73.93649291992188	40.84777069091797	2	19.5	0.5	0.5	0.0	0.0	0.3	20.8
2	2016-01-01 00:01:33	2016-01-01 00:05:39	1	1.22	-73.8626937866211	40.76873016357422	1	N	-73.87529754638672	40.77035903930664	1	6.0	0.5	0.5	0.0	0.0	0.3	7.3
2	2016-01-01 00:01:33	2016-01-01 00:15:16	5	1.49	-73.99803161621094	40.719669342041016	1	N	-73.98390960693358	40.731800079345696	1	10.0	0.5	0.5	2.26	0.0	0.3	13.56
2	2016-01-01 00:01:33	2016-01-01 00:37:20	5	11.55	-73.79447937011719	40.65715026855469	1	N	-73.88738250732422	40.65415954589844	2	36.5	0.5	0.5	0.0	0.0	0.3	37.8
1	2016-01-01 00:01:34	2016-01-01 00:15:38	1	2.9	0.0	0.0	1	N	0.0	0.0	2	12.0	0.5	0.5	0.0	0.0	0.3	13.3
2	2016-01-01 00:01:34	2016-01-01 00:18:12	1	2.67	-74.00284576416014	40.73115158081055	1	N	-73.97352600097656	40.74871063232422	1	12.5	0.5	0.5	1.1	0.0	0.3	14.9
2	2016-01-01 00:01:34	2016-01-01 00:19:14	1	4.26	-73.97858428955078	40.76258087158203	1	N	-73.96331024169923	40.79871368408203	1	17.0	0.5	0.5	3.66	0.0	0.3	21.96
1	2016-01-01 00:01:35	2016-01-01 00:09:13	1	1.3	-73.9957733154297	40.75932312011719	1	N	-73.994873046875	40.750301361083984	2	7.5	0.5	0.5	0.0	0.0	0.3	8.8
1	2016-01-01 00:01:35	2016-01-01 00:08:48	1	1.3	-74.00505065917969	40.73995590209961	1	N	-73.98983764648438	40.729434967041016	2	7.0	0.5	0.5	0.0	0.0	0.3	8.3
2	2016-01-01 00:01:35	2016-01-01 00:08:11	3	1.18	-73.99897003173827	40.73460006713867	1	N	-73.98368072509766	40.72577667236328	2	6.5	0.5	0.5	0.0	0.0	0.3	7.8
2	2016-01-01 00:01:36	2016-01-01 00:20:36	1	3.55	0.0	0.0	1	N	0.0	0.0	1	15.5	0.5	0.5	3.36	0.0	0.3	20.16
2	2016-01-01 00:01:37	2016-01-01 00:26:40	2	4.59	-73.97367095947266	40.78451919555664	1	N	-73.98818969726562	40.731971740722656	2	19.0	0.5	0.5	0.0	0.0	0.3	20.3
2	2016-01-01 00:01:37	2016-01-01 00:25:25	2	1.53	0.0	0.0	1	N	0.0	0.0	2	15.0	0.5	0.5	0.0	0.0	0.3	16.3
2	2016-01-01 00:01:37	2016-01-01 00:03:31	1	0.2	-73.97333526611328	40.76407241821289	1	N	-73.974853515625	40.761734008789055	2	3.5	0.5	0.5	0.0	0.0	0.3	4.8
1	2016-01-01 00:01:38	2016-01-01 00:35:31	1	10.1	-73.9784927368164	40.76217651367188	1	N	-73.9610824584961	40.66745376586913	2	33.0	0.5	0.5	0.0	0.0	0.3	34.3
1	2016-01-01 00:01:38	2016-01-01 00:06:22	1	0.7	-73.99783325195312	40.74491500854492	1	N	-73.99201202392578	40.738502502441406	1	5.5	0.5	0.5	1.2	0.0	0.3	8.0
1	2016-01-01 00:01:38	2016-01-01 00:08:32	1	0.9	-73.95558929443358	40.7640495300293	1	N	-73.96797943115234	40.76241302490234	2	6.5	0.5	0.5	0.0	0.0	0.3	7.8
1	2016-01-01 00:01:38	2016-01-01 00:45:57	1	7.8	-73.98835754394531	40.72014236450195	1	N	-73.9688491821289	40.79058074951172	1	32.5	0.5	0.5	6.76	0.0	0.3	40.56
1	2016-01-01 00:01:38	2016-01-01 00:06:34	1	1.2	-73.99267578125	40.72039031982422	1	N	-74.00337219238281	40.708168029785156	1	6.0	0.5	0.5	1.45	0.0	0.3	8.75
1	2016-01-01 00:01:39	2016-01-01 00:20:55	2	6.2	-74.01483917236328	40.71460723876953	1	N	-73.9875259399414	40.74550247192383	1	21.0	0.5	0.5	5.55	0.0	0.3	27.85
1	2016-01-01 00:01:39	2016-01-01 00:17:04	1	4.0	-73.9441680908203	40.7880744934082	1	N	-73.98552703857422	40.747257232666016	1	14.5	0.5	0.5	1.0	0.0	0.3	16.8
1	2016-01-01 00:01:39	2016-01-01 00:12:30	1	3.3	-73.97856903076173	40.72957229614258	1	N	-73.9554443359375	40.768348693847656	2	12.5	0.5	0.5	0.0	0.0	0.3	13.8
2	2016-01-01 00:01:39	2016-01-01 00:05:47	1	0.71	-73.99903106689453	40.7342185974121	1	N	-73.99922180175781	40.7290267944336	2	5.0	0.5	0.5	0.0	0.0	0.3	6.3
1	2016-01-01 00:01:40	2016-01-01 00:16:59	1	5.7	-73.95992279052734	40.77350234985352	1	N	-73.88846588134766	40.81656265258789	2	18.5	0.5	0.5	0.0	0.0	0.3	19.8
1	2016-01-01 00:01:40	2016-01-01 00:24:33	2	3.6	-73.99394226074219	40.7567138671875	1	N	-74.00363159179686	40.75147247314453	2	16.0	0.5	0.5	0.0	0.0	0.3	17.3
1	2016-01-01 00:01:41	2016-01-01 00:07:46	1	0.9	-74.00257873535155	40.73963928222656	1	N	-74.002197265625	40.74522018432617	2	6.0	0.5	0.5	0.0	0.0	0.3	7.3
1	2016-01-01 00:01:41	2016-01-01 00:34:07	3	9.6	-73.99676513671875	40.74243927001953	1	N	-73.94156646728516	40.85139083862305	1	32.0	0.5	0.5	5.0	0.0	0.3	38.3
2	2016-01-01 00:01:41	2016-01-01 00:08:17	1	1.33	-73.97644805908203	40.75837707519531	1	N	-73.97643280029298	40.7451057434082	2	7.0	0.5	0.5	0.0	0.0	0.3	8.3
2	2016-01-01 00:01:41	2016-01-01 00:08:50	1	1.18	-74.00428009033203	40.72182083129883	1	N	-73.99907684326173	40.734031677246094	2	6.5	0.5	0.5	0.0	0.0	0.3	7.8
1	2016-01-01 00:01:42	2016-01-01 00:16:39	1	6.9	-73.97149658203125	40.75601196289063	1	N	-74.0155029296875	40.7178955078125	1	21.5	0.5	0.5	4.56	0.0	0.3	27.36
2	2016-01-29 09:18:19	2016-01-29 09:28:56	1	1.78	-73.94954681396483	40.77176284790039	1	N	-73.9636993408203	40.75725173950195	1	9.0	0.0	0.5	2.45	0.0	0.3	12.25
1	2016-01-29 09:18:20	2016-01-29 10:20:27	1	7.5	-73.9739990234375	40.74299240112305	1	N	-73.95480346679686	40.69256210327149	2	41.0	0.0	0.5	0.0	0.0	0.3	41.8
1	2016-01-29 09:18:20	2016-01-29 09:29:27	1	1.4	-73.98726654052734	40.74432373046875	1	N	-73.97976684570312	40.760555267333984	1	9.0	0.0	0.5	1.0	0.0	0.3	10.8
1	2016-01-29 09:18:20	2016-01-29 09:21:35	1	0.5	-73.94271087646483	40.79436111450195	1	N	-73.93535614013672	40.79618835449219	2	4.5	0.0	0.5	0.0	0.0	0.3	5.3
1	2016-01-29 09:18:20	2016-01-29 09:30:41	1	1.0	-74.00877380371094	40.7138900756836	1	N	-73.99676513671875	40.72399520874024	1	9.0	0.0	0.5	1.0	0.0	0.3	10.8
1	2016-01-29 09:18:20	2016-01-29 09:23:43	1	0.6	-73.99771118164062	40.72400283813477	1	N	-74.0052719116211	40.71913146972656	1	5.0	0.0	0.5	1.0	0.0	0.3	6.8
1	2016-01-29 09:18:21	2016-01-29 09:39:13	1	2.7	-73.9652099609375	40.79120635986328	1	N	-73.97584533691406	40.76013565063477	1	15.0	0.0	0.5	3.15	0.0	0.3	18.95
1	2016-01-29 09:18:21	2016-01-29 09:33:55	1	2.6	-73.98202514648438	40.772476196289055	1	N	-73.95494842529298	40.78335952758789	2	12.5	0.0	0.5	0.0	0.0	0.3	13.3
1	2016-01-29 09:18:21	2016-01-29 09:27:59	1	1.2	-73.99658966064453	40.7428092956543	1	N	-73.98961639404298	40.757415771484375	2	8.0	0.0	0.5	0.0	0.0	0.3	8.8
2	2016-01-29 09:18:21	2016-01-29 09:28:16	5	1.23	-74.01598358154298	40.715091705322266	1	N	-74.0010757446289	40.72101211547852	1	8.0	0.0	0.5	1.76	0.0	0.3	10.56
2	2016-01-29 09:18:21	2016-01-29 09:23:18	1	0.69	-73.97512054443358	40.75225830078125	1	N	-73.9838333129883	40.74715042114258	2	5.0	0.0	0.5	0.0	0.0	0.3	5.8
2	2016-01-29 09:18:21	2016-01-29 09:27:30	1	1.61	-73.95571899414062	40.76820373535156	1	N	-73.97206115722656	40.78177261352539	1	8.0	0.0	0.5	1.76	0.0	0.3	10.56
2	2016-01-29 09:18:21	2016-01-29 09:19:57	1	0.29	-73.97188568115234	40.78183364868164	1	N	-73.9693832397461	40.78534698486328	1	3.5	0.0	0.5	1.29	0.0	0.3	5.59
2	2016-01-29 09:18:21	2016-01-29 09:54:39	1	4.89	-74.00592803955078	40.74522018432617	1	N	-73.96426391601562	40.807376861572266	1	24.5	0.0	0.5	1.1	0.0	0.3	26.4
2	2016-01-29 09:18:21	2016-01-29 09:40:52	2	7.33	-73.99788665771484	40.68285751342773	1	N	-73.97223663330078	40.74979782104492	1	23.5	0.0	0.5	6.08	0.0	0.3	30.38
1	2016-01-29 09:18:22	2016-01-29 09:25:05	1	0.9	-73.99626159667969	40.738037109375	1	N	-73.99027252197266	40.73168182373047	1	6.0	0.0	0.5	1.0	0.0	0.3	7.8
1	2016-01-29 09:18:22	2016-01-29 09:28:43	1	0.8	-73.99120330810547	40.74973678588867	1	N	-73.98949432373048	40.73994827270508	2	7.5	0.0	0.5	0.0	0.0	0.3	8.3
1	2016-01-29 09:18:22	2016-01-29 09:28:10	1	1.2	-73.9578628540039	40.76536560058594	1	N	-73.97076416015625	40.75789260864258	2	8.0	0.0	0.5	0.0	0.0	0.3	8.8
1	2016-01-29 09:18:22	2016-01-29 09:25:30	1	0.9	0.0	0.0	1	N	0.0	0.0	1	6.5	0.0	0.5	1.45	0.0	0.3	8.75
2	2016-01-29 09:18:22	2016-01-29 09:27:28	1	2.6	-74.01063537597656	40.71743774414063	1	N	-74.00794982910156	40.75130081176758	1	10.5	0.0	0.5	2.0	0.0	0.3	13.3
2	2016-01-29 09:18:22	2016-01-29 09:29:24	6	1.1	-73.96724700927734	40.76068878173828	1	N	-73.98075103759766	40.76766586303711	2	8.0	0.0	0.5	0.0	0.0	0.3	8.8
2	2016-01-29 09:18:22	2016-01-29 09:32:34	1	2.96	-73.97779846191406	40.73419189453125	1	N	-74.00101470947266	40.72420883178711	1	13.0	0.0	0.5	2.0	0.0	0.3	15.8
2	2016-01-29 09:18:22	2016-01-29 09:35:21	5	1.4	-73.97921752929686	40.78488159179688	1	N	-73.98188781738281	40.765708923339844	1	11.5	0.0	0.5	2.0	0.0	0.3	14.3
1	2016-01-29 09:18:23	2016-01-29 09:33:03	1	1.5	-73.98064422607422	40.78244400024415	1	N	-73.98381042480467	40.76136016845703	1	10.5	0.0	0.5	2.5	0.0	0.3	13.8
1	2016-01-29 09:18:23	2016-01-29 09:23:47	1	0.6	-73.98426055908203	40.75483322143555	1	N	-73.9769515991211	40.7585334777832	1	5.5	0.0	0.5	1.25	0.0	0.3	7.55
1	2016-01-29 09:18:23	2016-01-29 09:32:05	1	1.8	-73.99336242675781	40.74690246582031	1	N	-73.98306274414062	40.76579284667969	1	10.5	0.0	0.5	2.8	0.0	0.3	14.1
2	2016-01-29 09:18:23	2016-01-29 09:44:52	1	2.96	-73.9622344970703	40.77607727050781	1	N	-73.98980712890625	40.74118041992188	1	17.5	0.0	0.5	2.0	0.0	0.3	20.3
2	2016-01-29 09:18:23	2016-01-29 09:23:09	5	0.89	-73.93569946289062	40.76107025146485	1	N	-73.937744140625	40.7536735534668	1	5.5	0.0	0.5	1.26	0.0	0.3	7.56
2	2016-01-29 09:18:23	2016-01-29 09:19:37	6	0.27	-73.97733306884766	40.75014114379883	1	N	-73.98046112060547	40.74761962890625	2	3.0	0.0	0.5	0.0	0.0	0.3	3.8
2	2016-01-29 09:18:23	2016-01-29 09:32:15	2	2.01	-73.9610366821289	40.79672622680664	1	N	-73.95339965820312	40.778480529785156	1	10.5	0.0	0.5	1.11	0.0	0.3	12.41
2	2016-01-29 09:18:23	2016-01-29 09:21:34	2	0.69	-73.96102142333984	40.76947021484375	1	N	-73.96350860595702	40.77423095703125	1	4.5	0.0	0.5	0.0	0.0	0.3	5.3
2	2016-01-29 09:18:24	2016-01-29 09:22:37	1	0.78	-73.9882583618164	40.75381088256836	1	N	-73.98554992675781	40.7470932006836	2	4.5	0.0	0.5	0.0	0.0	0.3	5.3
2	2016-01-29 09:18:24	2016-01-29 09:35:43	1	3.92	-73.99602508544923	40.68672943115234	1	N	-74.01582336425781	40.71446990966797	2	15.5	0.0	0.5	0.0	0.0	0.3	16.3
2	2016-01-29 09:18:24	2016-01-29 09:29:51	1	1.61	-73.99082946777342	40.750526428222656	1	N	-73.98933410644531	40.73408126831055	1	9.0	0.0	0.5	1.96	0.0	0.3	11.76
1	2016-01-29 09:18:25	2016-01-29 09:40:03	1	4.7	-73.98930358886719	40.740478515625	1	N	-74.00837707519531	40.711029052734375	1	19.0	0.0	0.5	3.95	0.0	0.3	23.75
1	2016-01-29 09:18:25	2016-01-29 09:29:35	1	2.5	-73.96990966796875	40.78459167480469	1	N	-73.9435043334961	40.801605224609375	2	10.5	0.0	0.5	0.0	0.0	0.3	11.3
2	2016-01-29 09:18:25	2016-01-29 09:26:04	2	1.07	-73.96685028076173	40.76163864135742	1	N	-73.9534912109375	40.76723861694336	2	6.5	0.0	0.5	0.0	0.0	0.3	7.3
2	2016-01-29 09:18:25	2016-01-29 09:33:39	6	5.41	-73.98110961914062	40.779388427734375	1	N	-73.94001770019531	40.84123229980469	1	18.0	0.0	0.5	4.7	0.0	0.3	23.5
2	2016-01-29 09:18:25	2016-01-29 09:29:08	6	1.48	-73.9854507446289	40.74451065063477	1	N	-73.97112274169923	40.75926971435547	1	8.5	0.0	0.5	1.0	0.0	0.3	10.3
2	2016-01-29 09:18:25	2016-01-29 09:29:06	5	2.06	-73.9649429321289	40.79513168334961	1	N	-73.93946075439453	40.804630279541016	2	9.5	0.0	0.5	0.0	0.0	0.3	10.3
1	2016-01-29 09:18:26	2016-01-29 09:29:41	1	0.9	-73.9677734375	40.75600814819336	1	N	-73.97921752929686	40.75299072265625	1	8.0	0.0	0.5	1.75	0.0	0.3	10.55
1	2016-01-29 09:18:26	2016-01-29 09:31:53	1	1.5	-73.99271392822266	40.75522232055664	1	N	-73.99132537841797	40.738807678222656	1	10.0	0.0	0.5	1.0	0.0	0.3	11.8
1	2016-01-29 09:18:26	2016-01-29 09:28:59	1	1.3	-73.95632934570312	40.77143478393555	1	N	-73.97023773193358	40.75920104980469	2	8.5	0.0	0.5	0.0	0.0	0.3	9.3
2	2016-01-29 09:18:26	2016-01-29 09:25:24	1	0.52	-73.96843719482422	40.79944610595703	1	N	-73.96643829345702	40.794395446777344	1	6.0	0.0	0.5	1.0	0.0	0.3	7.8
2	2016-01-29 09:18:26	2016-01-29 09:36:30	2	2.36	-73.96105194091797	40.76081085205078	1	N	-73.98296356201173	40.74802017211913	1	13.5	0.0	0.5	2.86	0.0	0.3	17.16
2	2016-01-29 09:18:26	2016-01-29 09:25:02	1	4.48	-73.9719009399414	40.79478073120117	1	N	-73.938720703125	40.84856033325195	1	13.5	0.0	0.5	2.0	0.0	0.3	16.3
2	2016-01-29 09:18:26	2016-01-29 09:22:00	5	0.32	-73.9582290649414	40.77873992919922	1	N	-73.9611587524414	40.77465057373047	1	4.0	0.0	0.5	0.96	0.0	0.3	5.76
1	2016-01-29 09:18:27	2016-01-29 09:49:13	1	8.6	-73.94605255126955	40.79247283935547	1	N	-73.99317169189453	40.719764709472656	1	28.0	0.0	0.5	5.75	0.0	0.3	34.55
1	2016-01-29 09:18:27	2016-01-29 09:27:58	1	1.9	-73.9560317993164	40.781097412109375	1	N	-73.93888854980467	40.80495834350585	1	9.0	0.0	0.5	1.96	0.0	0.3	11.76
1	2016-01-29 09:18:27	2016-01-29 09:32:19	2	1.1	-73.98194122314453	40.75214385986328	1	N	-73.97282409667969	40.75810623168945	1	9.5	0.0	0.5	2.05	0.0	0.3	12.35
2	2016-01-29 09:18:27	2016-01-29 09:48:03	5	3.32	-73.95364379882812	40.76662063598633	1	N	-73.99324035644531	40.747291564941406	1	19.0	0.0	0.5	1.0	0.0	0.3	20.8
2	2016-01-29 09:18:27	2016-01-29 09:27:07	1	0.6	-73.99176025390625	40.74924850463867	1	N	-73.98931121826173	40.743812561035156	1	7.0	0.0	0.5	1.56	0.0	0.3	9.36
2	2016-01-29 09:18:27	2016-01-29 09:23:41	1	0.81	-73.97254943847656	40.74652099609375	1	N	-73.96790313720702	40.755531311035156	1	5.5	0.0	0.5	1.58	0.0	0.3	7.88
2	2016-01-29 09:18:27	2016-01-29 09:27:47	5	0.79	-73.98988342285155	40.735252380371094	1	N	-73.98124694824219	40.736366271972656	2	7.5	0.0	0.5	0.0	0.0	0.3	8.3
2	2016-01-29 09:18:27	2016-01-29 09:29:06	1	0.51	-73.97547912597656	40.749813079833984	1	N	-73.97008514404298	40.75609970092773	1	7.5	0.0	0.5	0.0	0.0	0.3	8.3
1	2016-01-29 09:18:28	2016-01-29 09:59:42	1	4.6	-73.99557495117188	40.75481796264648	1	N	-73.94874572753906	40.77069854736328	1	26.5	0.0	0.5	5.45	0.0	0.3	32.75
1	2016-01-29 09:18:28	2016-01-29 09:18:34	1	0.0	-73.94992828369139	40.77203750610352	1	N	-73.94992065429686	40.77203369140625	3	2.5	0.0	0.5	0.0	0.0	0.3	3.3
1	2016-01-29 09:18:28	2016-01-29 09:32:04	1	1.2	-73.9845199584961	40.74574661254883	1	N	-73.97261047363281	40.76155853271485	1	9.5	0.0	0.5	2.05	0.0	0.3	12.35
2	2016-01-29 09:18:28	2016-01-29 09:27:01	1	0.77	-73.97462463378906	40.751060485839844	1	N	-73.98721313476562	40.75628662109375	1	7.0	0.0	0.5	1.56	0.0	0.3	9.36
2	2016-01-29 09:18:28	2016-01-29 09:32:44	5	1.43	-73.98094177246094	40.7443733215332	1	N	-73.9813461303711	40.75947570800781	1	10.5	0.0	0.5	2.26	0.0	0.3	13.56
2	2016-01-29 09:18:28	2016-01-29 09:21:05	2	0.34	-73.95726013183594	40.77048873901367	1	N	-73.96286010742188	40.76816177368164	2	3.5	0.0	0.5	0.0	0.0	0.3	4.3
2	2016-01-29 09:18:28	2016-01-29 09:41:42	1	3.49	-74.01615142822266	40.70991134643555	1	N	-73.99156188964845	40.73992156982422	1	17.0	0.0	0.5	1.0	0.0	0.3	18.8
2	2016-01-29 09:18:28	2016-01-29 09:42:10	1	1.77	-73.99031066894531	40.750938415527344	1	N	-73.97059631347656	40.756080627441406	1	15.0	0.0	0.5	3.16	0.0	0.3	18.96
2	2016-01-29 09:18:28	2016-01-29 09:48:46	1	4.65	-74.00508880615234	40.73099899291992	1	N	-73.9619598388672	40.7732810974121	2	21.0	0.0	0.5	0.0	0.0	0.3	21.8
1	2016-01-29 09:18:29	2016-01-29 09:42:24	1	3.2	-73.99398040771484	40.75120162963867	1	N	-73.96849060058595	40.7907829284668	1	17.0	0.0	0.5	3.55	0.0	0.3	21.35
1	2016-01-29 09:18:29	2016-01-29 09:27:48	1	1.3	-73.9869384765625	40.73944091796875	1	N	-73.97518920898438	40.75590133666992	2	8.0	0.0	0.5	0.0	0.0	0.3	8.8
1	2016-01-29 09:18:29	2016-01-29 09:43:48	1	2.0	-73.97987365722656	40.73516082763672	1	N	-73.99079132080078	40.75515747070313	2	15.0	0.0	0.5	0.0	0.0	0.3	15.8
1	2016-01-29 09:18:29	2016-01-29 09:38:37	1	1.7	-73.99188232421875	40.74993896484375	1	N	-73.97618865966798	40.74077987670898	1	13.5	0.0	0.5	1.7	0.0	0.3	16.0
2	2016-01-29 09:18:29	2016-01-29 09:33:10	1	2.89	-73.99655151367188	40.737300872802734	1	N	-74.01409912109375	40.71392059326172	1	13.0	0.0	0.5	2.76	0.0	0.3	16.56
2	2016-01-29 09:18:29	2016-01-29 09:27:44	1	1.05	-74.00878143310547	40.71905517578125	1	N	-73.99854278564453	40.72859191894531	2	7.5	0.0	0.5	0.0	0.0	0.3	8.3
2	2016-01-29 09:18:29	2016-01-29 09:34:49	1	1.43	-73.9952392578125	40.74982070922852	1	N	-73.97733306884766	40.75545883178711	1	11.0	0.0	0.5	2.95	0.0	0.3	14.75
2	2016-01-29 09:18:29	2016-01-29 09:29:55	1	1.69	-74.00081634521484	40.752349853515625	1	N	-73.9905014038086	40.740100860595696	1	9.0	0.0	0.5	1.96	0.0	0.3	11.76
1	2016-01-29 09:18:30	2016-01-29 09:23:43	1	0.9	-74.01686096191406	40.70631790161133	1	N	-74.01053619384766	40.708808898925774	2	5.5	0.0	0.5	0.0	0.0	0.3	6.3
1	2016-01-29 09:18:30	2016-01-29 09:39:57	1	1.6	-73.95657348632812	40.76701736450195	1	N	-73.97697448730467	40.762519836425774	1	14.0	0.0	0.5	2.95	0.0	0.3	17.75
1	2016-01-29 09:18:30	2016-01-29 09:29:58	1	1.2	-73.96696472167969	40.76984786987305	1	N	-73.98430633544923	40.76989364624024	1	8.5	0.0	0.5	1.5	0.0	0.3	10.8
2	2016-01-29 09:18:30	2016-01-29 10:03:31	3	19.22	-74.00275421142578	40.72864151000977	2	N	-73.78350067138672	40.643699645996094	1	52.0	0.0	0.5	10.56	0.0	0.3	63.36
1	2016-01-29 09:18:31	2016-01-29 09:37:55	1	2.1	-73.98223114013672	40.765132904052734	1	N	-73.9542007446289	40.767181396484375	2	13.0	0.0	0.5	0.0	0.0	0.3	13.8
1	2016-01-29 09:18:31	2016-01-29 09:45:17	1	7.0	-74.00020599365234	40.67845153808594	1	N	-73.98304748535155	40.73482131958008	1	25.5	0.0	0.5	6.35	5.54	0.3	38.19
1	2016-01-29 09:18:31	2016-01-29 09:51:40	1	15.9	-73.98362731933594	40.747642517089844	2	N	-73.78704833984375	40.64691162109375	1	52.0	0.0	0.5	11.65	5.54	0.3	69.99
2	2016-01-29 09:18:31	2016-01-29 09:40:50	6	6.82	-73.95172882080078	40.76948928833008	1	N	-73.91217041015625	40.75894165039063	1	23.5	0.0	0.5	5.97	5.54	0.3	35.81
2	2016-01-29 09:18:31	2016-01-29 09:25:55	1	1.25	-73.95570373535155	40.76848220825195	1	N	-73.95994567871094	40.77881240844727	1	7.0	0.0	0.5	1.56	0.0	0.3	9.36
2	2016-01-29 09:18:31	2016-01-29 09:39:17	1	2.25	-73.9881362915039	40.73800659179688	1	N	-73.98253631591797	40.76324081420898	1	14.0	0.0	0.5	2.96	0.0	0.3	17.76
1	2016-01-29 09:18:32	2016-01-29 09:48:56	1	5.1	-73.99387359619139	40.735260009765625	1	N	-74.01419067382812	40.70835876464844	1	24.0	0.0	0.5	4.95	0.0	0.3	29.75
1	2016-01-29 09:18:32	2016-01-29 09:35:38	1	3.0	-73.98641967773438	40.73462677001953	1	N	-74.01580810546875	40.71603775024415	1	14.0	0.0	0.5	3.7	0.0	0.3	18.5
1	2016-01-29 09:18:32	2016-01-29 09:41:58	1	2.1	-73.95574188232422	40.78190994262695	1	N	-73.96240997314453	40.75834274291992	1	15.0	0.0	0.5	3.15	0.0	0.3	18.95
1	2016-01-29 09:18:32	2016-01-29 09:55:33	1	3.4	-73.95587158203125	40.77930450439453	1	N	-73.98916625976562	40.74135971069336	1	22.5	0.0	0.5	5.82	0.0	0.3	29.12
2	2016-01-29 09:18:32	2016-01-29 09:37:50	1	5.17	-73.9789047241211	40.74076843261719	1	N	-74.01493072509766	40.71307373046875	1	19.5	0.0	0.5	4.06	0.0	0.3	24.36
1	2016-01-29 09:18:33	2016-01-29 09:20:32	1	0.4	-73.99958038330078	40.73851013183594	1	N	-74.00247192382812	40.73403549194336	1	3.5	0.0	0.5	0.85	0.0	0.3	5.15
1	2016-01-29 09:18:33	2016-01-29 09:45:32	1	3.3	-73.9857864379883	40.730953216552734	1	N	-73.96662139892578	40.76629257202149	1	18.0	0.0	0.5	3.75	0.0	0.3	22.55
1	2016-01-29 09:18:33	2016-01-29 09:37:02	2	1.5	-73.99021911621094	40.756256103515625	1	N	-73.98146057128906	40.745216369628906	1	12.5	0.0	0.5	1.0	0.0	0.3	14.3
2	2016-01-29 09:18:33	2016-01-29 09:33:36	3	1.57	-73.95265197753906	40.7835807800293	1	N	-73.96455383300781	40.764812469482415	2	10.5	0.0	0.5	0.0	0.0	0.3	11.3
2	2016-01-29 09:18:33	2016-01-29 09:27:32	5	2.11	-73.94956970214845	40.781150817871094	1	N	-73.97589111328125	40.776458740234375	1	9.0	0.0	0.5	1.96	0.0	0.3	11.76
2	2016-01-29 09:18:33	2016-01-29 09:40:10	1	10.76	-73.97713470458984	40.75194549560547	1	N	-73.87052917480467	40.77375793457031	1	31.5	0.0	0.5	5.0	5.54	0.3	42.84
2	2016-01-29 09:18:33	2016-01-29 09:43:30	5	3.76	-73.95365142822266	40.76694107055664	1	N	-73.9445571899414	40.8089714050293	1	18.0	0.0	0.5	3.76	0.0	0.3	22.56
1	2016-01-29 09:18:34	2016-01-29 09:36:11	1	3.7	-74.0143280029297	40.709434509277344	1	N	-73.99480438232422	40.75040054321289	1	15.0	0.0	0.5	3.15	0.0	0.3	18.95
1	2016-01-29 09:18:34	2016-01-29 09:31:21	1	0.9	-73.9927749633789	40.74300003051758	1	N	-73.97705841064453	40.73904418945313	2	9.0	0.0	0.5	0.0	0.0	0.3	9.8
1	2016-01-29 09:18:34	2016-01-29 09:27:31	1	1.2	-74.00835418701173	40.73612594604492	1	N	-74.0101547241211	40.7197494506836	1	7.5	0.0	0.5	1.0	0.0	0.3	9.3
1	2016-01-29 09:18:34	2016-01-29 09:34:43	1	0.8	-73.9615478515625	40.75778579711913	1	N	-73.97261047363281	40.75890350341797	1	10.5	0.0	0.5	1.7	0.0	0.3	13.0
1	2016-01-29 09:18:34	2016-01-29 09:32:33	1	2.3	-74.00882720947266	40.71916961669922	1	N	-73.99072265625	40.69449234008789	2	11.5	0.0	0.5	0.0	0.0	0.3	12.3
1	2016-01-29 09:18:34	2016-01-29 09:33:12	1	1.5	-73.9773712158203	40.74959182739258	1	N	-73.97605895996094	40.76393127441406	1	10.5	0.0	0.5	1.0	0.0	0.3	12.3
2	2016-01-29 09:18:34	2016-01-29 09:41:45	3	2.64	-73.95090484619139	40.771568298339844	1	N	-73.98079681396483	40.7623405456543	1	15.5	0.0	0.5	2.0	0.0	0.3	18.3
2	2016-01-29 09:18:34	2016-01-29 09:26:19	1	0.67	-73.98413848876955	40.76818084716797	1	N	-73.97344207763672	40.764427185058594	1	6.5	0.0	0.5	1.1	0.0	0.3	8.4
2	2016-01-29 09:18:34	2016-01-29 09:31:24	1	1.12	-73.99071502685547	40.75111770629883	1	N	-73.9728775024414	40.74642181396485	2	9.0	0.0	0.5	0.0	0.0	0.3	9.8
2	2016-01-29 09:18:34	2016-01-29 09:22:20	1	0.2	-73.989990234375	40.75730514526367	1	N	-73.9875259399414	40.76030349731445	1	4.0	0.0	0.5	1.2	0.0	0.3	6.0
1	2016-01-29 09:18:35	2016-01-29 09:27:51	1	1.0	-73.96171569824219	40.7642822265625	1	N	-73.9703369140625	40.75210189819336	2	7.5	0.0	0.5	0.0	0.0	0.3	8.3
1	2016-01-29 09:18:35	2016-01-29 09:26:01	1	0.5	-74.0052032470703	40.71846008300781	1	N	-74.01133728027342	40.714859008789055	1	6.5	0.0	0.5	2.0	0.0	0.3	9.3
2	2016-01-29 09:18:35	2016-01-29 09:33:11	1	1.98	-73.98139190673827	40.72890853881836	1	N	-73.9693832397461	40.74871063232422	2	12.0	0.0	0.5	0.0	0.0	0.3	12.8
2	2016-01-29 09:18:35	2016-01-29 09:29:54	1	1.03	-73.9823989868164	40.75136947631836	1	N	-73.9969024658203	40.75139999389648	1	8.0	0.0	0.5	2.0	0.0	0.3	10.8
2	2016-01-29 09:18:36	2016-01-29 09:33:44	1	1.79	-73.98275756835938	40.77191162109375	1	N	-73.99124908447266	40.749168395996094	2	10.5	0.0	0.5	0.0	0.0	0.3	11.3
2	2016-01-29 09:18:36	2016-01-29 09:33:50	6	1.81	-73.95050048828125	40.77976989746094	1	N	-73.96833038330078	40.76163864135742	1	11.0	0.0	0.5	0.0	0.0	0.3	11.8
2	2016-01-29 09:18:36	2016-01-29 09:31:00	2	0.62	-73.96589660644531	40.75969314575195	1	N	-73.97599029541014	40.76374435424805	1	8.5	0.0	0.5	1.0	0.0	0.3	10.3
2	2016-01-29 09:18:36	2016-01-29 09:32:05	1	1.81	-73.99549102783203	40.71709060668945	1	N	-74.01376342773438	40.71479034423828	1	10.5	0.0	0.5	2.0	0.0	0.3	13.3
1	2016-01-29 09:18:37	2016-01-29 09:28:49	1	0.9	-73.99522399902342	40.7497444152832	1	N	-73.9862060546875	40.7622184753418	1	8.0	0.0	0.5	1.75	0.0	0.3	10.55
1	2016-01-29 09:18:37	2016-01-29 09:56:54	1	10.2	-73.87276458740234	40.77375411987305	1	N	-73.97306060791014	40.76177215576172	1	35.0	0.0	0.5	8.25	5.54	0.3	49.59
1	2016-01-29 09:18:37	2016-01-29 09:32:20	1	1.7	-74.00558471679686	40.738765716552734	1	N	-73.99439239501955	40.71966171264648	1	10.0	0.0	0.5	2.15	0.0	0.3	12.95
2	2016-01-29 09:18:37	2016-01-29 09:49:44	1	2.72	-73.9745864868164	40.787940979003906	1	N	-73.95702362060547	40.76261901855469	2	19.5	0.0	0.5	0.0	0.0	0.3	20.3
2	2016-01-29 09:18:37	2016-01-29 09:30:41	1	1.3	-73.96511840820312	40.76916122436523	1	N	-73.9768829345703	40.75862884521485	2	9.0	0.0	0.5	0.0	0.0	0.3	9.8
2	2016-01-29 09:18:37	2016-01-29 09:37:56	1	1.31	-73.95677185058595	40.77806854248047	1	N	-73.96105194091797	40.76633834838867	1	12.5	0.0	0.5	2.66	0.0	0.3	15.96
1	2016-01-29 09:18:38	2016-01-29 09:23:06	1	1.0	-74.00994873046875	40.72114181518555	1	N	-74.01556396484375	40.70798110961913	1	5.5	0.0	0.5	1.25	0.0	0.3	7.55
1	2016-01-29 09:18:38	2016-01-29 09:27:30	1	0.7	-73.97471618652342	40.75032806396485	1	N	-73.96749877929686	40.76054382324219	2	7.0	0.0	0.5	0.0	0.0	0.3	7.8
1	2016-01-29 09:18:38	2016-01-29 09:26:15	2	0.6	-73.97954559326173	40.74933242797852	1	N	-73.9861602783203	40.743412017822266	2	6.5	0.0	0.5	0.0	0.0	0.3	7.3
1	2016-01-29 09:18:38	2016-01-29 09:31:21	3	1.4	-73.9549102783203	40.7657356262207	1	N	-73.97164154052734	40.75761413574219	2	9.5	0.0	0.5	0.0	0.0	0.3	10.3
2	2016-01-29 09:18:38	2016-01-29 09:28:24	1	1.15	-73.98733520507811	40.72471618652344	1	N	-73.97684478759766	40.739166259765625	1	8.5	0.0	0.5	1.0	0.0	0.3	10.3